development:
  latitude: 44.032686
  longitude: -92.648311

production:
  latitude: 44.032686
  longitude: -92.648311

test:
  latitude: 44.032686
  longitude: -92.648311